cols <- c(75, 72, 72, 72, 70, 68, 68, 68, 63, 62, 58, 54, 46, 42, 37, 24, 19, 13, 11, 4, 2)