cols <- c(1893, 1887, 1880, 1878, 1867, 1866, 1863, 1859, 1840, 1830, 1828, 1809, 1794, 1792, 1788, 1775, 1751, 1737, 1713, 1692, 1680, 1658, 1644, 1598, 1574, 1526, 1486, 1461, 1397, 1351, 1302, 1243, 1175, 1097, 1047, 955, 858, 781, 696, 624, 543, 461, 371, 305, 243, 175, 122, 89, 68, 49, 27, 18, 13, 11, 5, 2, 2, 1)