cols <- c(163, 163, 161, 160, 158, 158, 157, 155, 154, 153, 150, 149, 148, 148, 142, 141, 140, 139, 134, 131, 127, 126, 111, 109, 93, 92, 79, 68, 57, 45, 29, 18, 17, 13, 7, 4, 1)