cols <- c(636, 635, 635, 630, 629, 619, 617, 616, 606, 605, 599, 594, 584, 571, 568, 558, 552, 541, 531, 516, 505, 487, 464, 450, 418, 380, 333, 298, 245, 189, 140, 93, 58, 35, 35, 18, 8, 2)