cols <- c(2532, 2523, 2508, 2501, 2498, 2473, 2472, 2455, 2426, 2406, 2396, 2364, 2344, 2332, 2302, 2256, 2232, 2176, 2116, 2054, 2005, 1944, 1843, 1772, 1667, 1513, 1358, 1214, 976, 776, 596, 423, 244, 136, 72, 67, 25, 3)