cols <- c(1373, 1372, 1369, 1358, 1352, 1351, 1347, 1346, 1342, 1340, 1339, 1339, 1336, 1336, 1331, 1318, 1316, 1315, 1310, 1307, 1303, 1299, 1294, 1289, 1282, 1279, 1268, 1257, 1256, 1255, 1233, 1218, 1204, 1201, 1186, 1167, 1164, 1134, 1128, 1100, 1077, 1030, 1023, 1005, 972, 921, 872, 831, 774, 719, 660, 576, 503, 404, 356, 297, 207, 150, 101, 66, 44, 44, 27, 17, 8, 2)