cols <- c(164, 164, 162, 161, 159, 158, 156, 156, 155, 152, 152, 151, 150, 148, 148, 144, 142, 134, 133, 132, 128, 122, 115, 103, 100, 93, 79, 65, 55, 41, 31, 20, 11, 11, 4, 1)