cols <- c(89, 88, 88, 88, 88, 86, 86, 86, 86, 85, 85, 85, 85, 85, 85, 85, 84, 84, 83, 83, 83, 83, 82, 81, 81, 81, 81, 80, 80, 80, 80, 80, 78, 77, 77, 77, 75, 75, 73, 72, 67, 67, 63, 62, 60, 55, 53, 45, 44, 44, 39, 32, 26, 22, 11, 10, 7, 2, 1)