cols <- c(161, 161, 160, 159, 157, 156, 155, 154, 152, 151, 151, 150, 149, 148, 141, 140, 139, 139, 133, 131, 126, 124, 118, 117, 103, 90, 90, 78, 62, 45, 32, 17, 6, 3, 1, 1)