cols <- c(383, 381, 381, 380, 379, 379, 378, 377, 375, 373, 370, 368, 367, 367, 364, 362, 362, 360, 358, 358, 355, 353, 352, 351, 347, 345, 343, 342, 339, 335, 326, 325, 324, 314, 309, 307, 301, 291, 281, 262, 251, 242, 234, 220, 196, 174, 153, 133, 114, 99, 77, 59, 45, 32, 21, 14, 6, 3, 3)