lens <- c(24, 24, 33, 40, 43, 27, 39, 21, 39, 35, 33, 31, 41, 27, 37, 38, 44, 37, 34, 15, 23, 23, 36, 33, 36, 41, 35, 29, 34, 33, 38, 31, 26, 24, 33, 29, 39, 36, 13, 34, 32, 29, 28, 38, 21, 36, 31, 31, 25, 25, 31, 23, 30, 44, 27, 28, 39, 38, 17, 34, 35, 24, 27, 32, 39, 32, 37, 27, 30, 24, 29, 29, 33, 24, 33, 30, 20, 27, 35, 40, 22, 37, 23, 26, 20, 27, 17, 31, 26, 33, 25, 31, 29, 23, 25, 19, 34, 31, 27, 20, 20, 30, 36, 32, 15, 14, 30, 36, 29, 25, 25, 30, 34, 43, 27, 31, 26, 45, 30, 31, 19, 19, 29, 21, 29, 28, 32, 33, 41, 34, 17, 19, 40, 20, 27, 24, 34, 30, 24, 31, 30, 17, 29, 39, 32, 27, 17, 31, 27, 27, 42, 34, 37, 28, 25, 39, 19, 41, 33, 42, 24, 34, 29, 30, 45, 38, 36, 15, 24, 23, 19, 16, 28, 31, 31, 34, 24, 28, 18, 30, 16, 22, 20, 28, 31, 24, 26, 23, 34, 33, 30, 29, 28, 39, 22, 39, 24, 29, 29, 14, 28, 34, 28, 33, 32, 13, 23, 36, 32, 28, 40, 32, 39, 34, 24, 31, 27, 31, 22, 40, 25, 22, 38, 28, 37, 19, 26, 44, 34, 30, 30, 28, 18, 30, 32, 22, 42, 32, 27, 17, 37, 35, 40, 39, 31, 27, 25, 30, 30, 27, 28, 29, 35, 17, 28, 27, 43, 26, 21, 29, 33, 40, 19, 38, 16, 17, 30, 19, 33, 22, 25, 33, 27, 33, 27, 29, 21, 31, 38, 30, 20, 32, 25, 30, 41, 22, 15, 37, 15, 28, 25, 37, 31, 34, 36, 30, 38, 19, 33, 40, 31, 28, 25, 30, 26, 35, 32, 35, 22, 32, 19, 33, 28, 40, 30, 26, 36, 32, 24, 23, 28, 16, 24, 26, 34, 30, 34, 22, 41, 31, 29, 25, 36, 26, 28, 38, 13, 15, 31, 36, 28, 32, 27, 34, 37, 22, 35, 26, 32, 14, 36, 27, 30, 22, 19, 24, 29, 16, 27, 26, 24, 35, 26, 36, 24, 27, 29, 40, 35, 29, 35, 40, 34, 39, 20, 34, 35, 33, 38, 26, 23, 32, 22, 35, 23, 25, 26, 19, 35, 35, 30, 42, 28, 33, 27, 37, 28, 33, 18, 30, 33, 27, 21, 19, 31, 30, 25, 40, 32, 32, 27, 36, 21, 34, 37, 35, 21, 41, 39, 39, 19, 33, 22, 28, 16, 29, 32, 24, 18, 30, 38, 34, 31, 18, 26, 41, 19, 42, 28, 34, 23, 18, 35, 31, 29, 35, 31, 23, 36, 31, 36, 15, 27, 39, 26, 31, 38, 36, 24, 27, 23, 25, 37, 26, 36, 37, 31, 22, 22, 37, 30, 32, 29, 30, 33, 30, 33, 30, 27, 33, 31, 28, 28, 33, 42, 35, 12, 34, 33, 27, 38, 28, 22, 23, 15, 28, 20, 26, 30, 29, 20, 26, 26, 34, 37, 28, 19, 28, 23, 35, 30, 26, 13, 32, 20, 45, 27, 19, 23, 19, 33, 23, 35, 34, 18, 27, 19, 24, 29, 35, 31, 30, 27, 16, 35, 35, 40, 11, 22, 28, 27, 26, 26, 28, 36, 28, 28, 24, 31, 23, 32, 29, 31, 16, 22, 28, 25, 16, 35, 21, 32, 30, 39, 25, 24, 24, 31, 29, 33, 22, 33, 29, 38, 29, 40, 31, 26, 26, 27, 14, 34, 24, 35, 35, 23, 38, 34, 35, 29, 24, 32, 27, 30, 29, 38, 43, 32, 29, 24, 29, 30, 27, 18, 27, 27, 29, 35, 18, 35, 36, 27, 31, 22, 26, 28, 18, 31, 37, 33, 20, 19, 36, 19, 40, 31, 37, 31, 39, 33, 33, 36, 43, 27, 26, 19, 32, 17, 18, 28, 32, 30, 35, 30, 24, 27, 18, 23, 35, 38, 29, 32, 36, 40, 25, 36, 24, 40, 35, 34, 28, 19, 40, 24, 29, 27, 35, 37, 32, 22, 34, 25, 45, 16, 20, 40, 33, 33, 40, 34, 38, 24, 28, 26, 31, 24, 44, 30, 23, 28, 17, 26, 45, 21, 35, 42, 32, 34, 28, 34, 29, 14, 30, 35, 26, 20, 33, 16, 32, 15, 24, 43, 33, 33, 20, 30, 27, 26, 24, 20, 26, 46, 25, 30, 23, 22, 35, 26, 43, 38, 21, 34, 29, 27, 18, 21, 25, 25, 39, 38, 32, 28, 15, 31, 24, 31, 36, 24, 34, 27, 31, 32, 18, 37, 27, 25, 27, 36, 27, 26, 12, 31, 27, 25, 20, 34, 29, 30, 44, 34, 22, 25, 28, 16, 19, 29, 25, 34, 40, 27, 34, 27, 28, 29, 20, 16, 37, 23, 20, 36, 27, 28, 26, 17, 33, 37, 23, 33, 30, 30, 30, 36, 31, 16, 32, 37, 39, 30, 20, 32, 40, 37, 26, 27, 27, 36, 28, 30, 26, 28, 29, 31, 25, 34, 42, 19, 16, 31, 27, 37, 23, 36, 30, 23, 23, 33, 13, 22, 29, 31, 30, 32, 24, 31, 36, 18, 23, 31, 31, 29, 30, 23, 41, 39, 28, 17, 35, 25, 20, 30, 23, 33, 31, 24, 14, 29, 39, 17, 27, 21, 32, 44, 36, 18, 37, 31, 36, 36, 20, 19, 35, 28, 13, 24, 20, 36, 32, 15, 22, 31, 32, 21, 28, 31, 29, 38, 32, 29, 17, 17, 28, 25, 30, 32, 16, 22, 36, 28, 36, 30, 33, 18, 27, 33, 18, 30, 17, 25, 34, 20, 22, 45, 32, 20, 16, 17, 26, 27, 24, 34, 22, 25, 23, 17, 27, 38, 36, 22, 27, 30, 15, 20, 34, 45, 27, 24, 35, 21, 31, 31, 25, 32, 22, 19, 33, 24, 29, 29, 21, 27, 14, 31, 30, 34, 21, 19, 25, 31, 32, 28, 17, 40, 35, 29, 36, 37, 18, 30, 27, 21, 16, 34, 39, 22, 27, 23, 32, 31, 37, 17, 32, 41, 31, 33, 39, 22, 30, 22, 16, 31, 16)
delLens <- c(16, 16, 15, 0, 20, 14, 18, 16, 19, 3, 17, 14, 13, 17, 11, 19, 17, 19, 10, 13, 12, 15, 13, 10, 18, 17, 16, 14, 13, 13, 1, 15, 14, 11, 18, 14, 16, 11, 11, 17, 13, 18, 8, 17, 14, 12, 13, 14, 16, 19, 11, 11, 11, 19, 3, 16, 12, 4, 12, 17, 15, 19, 16, 16, 18, 16, 12, 13, 10, 11, 12, 16, 13, 14, 13, 17, 11, 17, 13, 2, 14, 15, 15, 15, 12, 16, 12, 16, 13, 14, 18, 9, 10, 13, 14, 15, 18, 17, 10, 15, 15, 15, 16, 14, 11, 11, 12, 12, 16, 13, 15, 14, 19, 5, 18, 15, 14, 3, 12, 14, 13, 14, 0, 15, 1, 13, 12, 11, 17, 15, 13, 15, 19, 13, 16, 12, 17, 10, 14, 18, 14, 13, 17, 15, 18, 16, 14, 16, 15, 12, 20, 17, 17, 15, 12, 0, 14, 4, 19, 14, 13, 15, 13, 14, 18, 6, 18, 14, 15, 15, 12, 15, 17, 16, 11, 19, 11, 14, 14, 15, 11, 12, 17, 16, 16, 14, 15, 14, 2, 17, 14, 11, 18, 17, 14, 14, 14, 15, 17, 11, 14, 20, 16, 13, 12, 12, 13, 18, 19, 13, 15, 16, 19, 14, 16, 16, 16, 3, 14, 16, 15, 10, 13, 11, 19, 17, 15, 5, 17, 18, 13, 17, 13, 20, 15, 15, 6, 18, 16, 16, 15, 13, 7, 13, 16, 12, 19, 19, 15, 15, 13, 16, 7, 15, 12, 14, 13, 17, 14, 17, 9, 8, 12, 17, 10, 15, 10, 9, 16, 16, 14, 13, 17, 15, 15, 12, 11, 17, 16, 17, 14, 20, 13, 15, 21, 15, 10, 9, 12, 15, 13, 13, 16, 14, 14, 15, 17, 10, 15, 10, 16, 12, 15, 17, 15, 16, 16, 14, 15, 6, 16, 16, 15, 9, 4, 14, 13, 14, 8, 15, 14, 14, 13, 14, 16, 14, 18, 15, 8, 15, 17, 15, 14, 17, 17, 16, 13, 15, 13, 15, 15, 13, 15, 17, 13, 15, 13, 16, 4, 14, 18, 14, 12, 16, 15, 16, 10, 16, 16, 15, 12, 11, 19, 14, 16, 17, 13, 9, 17, 13, 1, 10, 17, 13, 17, 16, 13, 16, 11, 13, 14, 11, 13, 13, 13, 16, 18, 16, 14, 18, 15, 13, 20, 16, 10, 17, 12, 20, 16, 14, 5, 11, 14, 15, 16, 5, 15, 17, 17, 13, 17, 15, 14, 16, 19, 15, 15, 10, 13, 11, 11, 6, 14, 12, 9, 12, 19, 17, 13, 18, 15, 17, 20, 16, 17, 17, 11, 19, 17, 9, 16, 16, 18, 15, 17, 7, 14, 17, 9, 12, 15, 11, 12, 19, 16, 15, 16, 2, 18, 15, 14, 14, 18, 14, 20, 17, 18, 14, 13, 11, 18, 16, 18, 15, 14, 17, 15, 14, 17, 16, 12, 16, 18, 15, 16, 16, 12, 14, 8, 17, 12, 16, 17, 13, 13, 17, 16, 16, 11, 20, 17, 17, 12, 13, 12, 18, 14, 15, 12, 15, 15, 14, 12, 15, 13, 11, 13, 14, 14, 12, 15, 15, 11, 17, 11, 15, 14, 12, 16, 15, 17, 13, 12, 11, 17, 17, 17, 11, 13, 17, 15, 14, 5, 19, 12, 15, 14, 9, 16, 16, 11, 11, 16, 16, 16, 16, 17, 12, 18, 14, 14, 17, 12, 15, 15, 15, 18, 17, 15, 15, 16, 13, 13, 16, 13, 17, 14, 16, 13, 11, 15, 15, 16, 19, 15, 18, 12, 16, 16, 14, 18, 18, 13, 17, 16, 19, 17, 15, 18, 16, 12, 14, 14, 11, 16, 15, 15, 11, 17, 15, 14, 9, 15, 15, 12, 15, 10, 18, 17, 15, 11, 14, 11, 18, 13, 16, 17, 14, 14, 11, 12, 13, 16, 17, 11, 15, 15, 13, 12, 15, 11, 20, 12, 17, 13, 12, 13, 16, 17, 18, 15, 15, 17, 16, 16, 18, 12, 10, 12, 18, 13, 18, 15, 18, 14, 11, 20, 13, 13, 18, 10, 19, 12, 17, 16, 14, 15, 19, 16, 17, 14, 11, 11, 10, 16, 19, 16, 14, 15, 13, 13, 20, 12, 18, 18, 14, 17, 14, 17, 16, 14, 16, 17, 16, 11, 17, 12, 13, 14, 12, 14, 18, 16, 15, 11, 14, 18, 19, 9, 14, 20, 16, 16, 15, 14, 17, 12, 15, 16, 16, 12, 17, 14, 14, 11, 12, 16, 18, 15, 18, 17, 12, 17, 17, 14, 14, 15, 12, 17, 13, 7, 15, 17, 12, 15, 8, 15, 12, 13, 10, 15, 16, 16, 15, 12, 15, 17, 19, 13, 13, 15, 15, 12, 16, 17, 14, 18, 20, 17, 20, 9, 15, 15, 15, 10, 12, 15, 15, 13, 14, 13, 13, 14, 19, 16, 20, 18, 15, 17, 13, 18, 12, 16, 15, 20, 12, 10, 13, 18, 16, 21, 14, 13, 18, 18, 15, 19, 17, 17, 13, 16, 18, 16, 17, 15, 12, 15, 15, 17, 13, 19, 19, 14, 18, 10, 12, 9, 12, 12, 17, 11, 13, 15, 17, 11, 12, 17, 17, 12, 17, 15, 18, 21, 15, 14, 18, 15, 12, 18, 14, 16, 16, 13, 12, 14, 17, 15, 18, 14, 17, 21, 17, 12, 17, 18, 12, 16, 14, 14, 20, 14, 13, 12, 12, 19, 18, 12, 15, 14, 18, 12, 9, 13, 12, 17, 15, 18, 16, 16, 20, 14, 13, 16, 15, 13, 17, 12, 16, 15, 19, 11, 15, 12, 17, 14, 14, 13, 15, 15, 15, 19, 17, 14, 13, 15, 17, 14, 17, 18, 17, 18, 15, 10, 19, 17, 19, 15, 16, 15, 15, 12, 14, 20, 18, 16, 18, 13, 14, 12, 15, 15, 12, 14, 13, 12, 13, 9, 12, 14, 12, 15, 13, 11, 16, 14, 15, 18, 18, 13, 16, 20, 12, 13, 14, 18, 13, 13, 15, 15, 13, 18, 18, 13, 15, 16, 18, 16, 18, 15, 13, 13, 12, 18, 19, 15, 15, 17, 12, 15, 8)
