lens <- c(79, 57, 51, 59, 64, 68, 70, 53, 33, 65, 65, 72, 66, 69, 61, 64, 58, 60, 72, 61, 72, 77, 62, 62, 66, 60, 82, 35, 55, 59, 52, 75, 32, 57, 64, 65, 82, 59, 58, 53, 39, 68, 41, 72, 57, 52, 78, 62, 78, 54, 22, 62, 68, 35, 57, 28, 62, 58, 65, 54, 67, 66, 56, 71, 59, 51, 47, 59, 55, 62, 79, 64, 64, 67, 70, 67, 58, 68, 40, 69, 59, 56, 66, 43, 65, 28, 75, 68, 71, 58, 54, 49, 69, 59, 58, 56, 60, 67, 74, 62, 74, 49, 51, 60, 55, 54, 55, 46, 72, 66, 65, 69, 42, 53, 33, 59, 47, 62, 55, 56, 60, 66, 66, 66, 72, 60, 79, 67, 20, 69, 57, 73, 44, 66, 65, 59, 27, 58, 67, 64, 63, 65, 71, 28, 66, 58, 67, 60, 65, 61, 62, 52, 65, 47, 67, 80, 21, 60, 63, 52, 63, 52, 42, 55, 72, 58, 67, 73, 42, 79, 28, 68, 60, 66, 61, 69, 64, 33, 55, 64, 71, 73, 54, 80, 62, 31, 69, 60, 40, 44, 65, 73, 71, 55, 59, 41, 61, 60, 73, 39, 47, 67, 56, 65, 74, 62, 52, 36, 44, 69, 74, 53, 63, 64, 56, 74, 49, 59, 54, 68, 62, 67, 65, 72, 68, 74, 29, 62, 66, 31, 62, 68, 56, 57, 38, 55, 71, 54, 50, 62, 74, 31, 74, 82, 66, 63, 54, 43, 54, 45, 84, 31, 59, 80, 70, 30, 65, 65, 58, 67, 62, 63, 58, 76, 61, 56, 71, 71, 66, 44, 43, 56, 73, 42, 70, 62, 66, 60, 69, 73, 58, 64, 67, 64, 63, 56, 68, 68, 69, 72, 39, 63, 53, 71, 42, 59, 76, 73, 69, 56, 67, 52, 71, 57, 68, 59, 36, 64, 64, 33, 61, 65, 61, 73, 59, 56, 58, 68, 66, 75, 60, 59, 66, 60, 56, 65, 32, 72, 64, 65, 38, 60, 70, 51, 44, 56, 47, 77, 66, 65, 69, 52, 60, 57, 68, 65, 79, 56, 66, 65, 62, 65, 71, 67, 53, 66, 81, 62, 63, 62, 68, 48, 31, 69, 52, 82, 66, 71, 64, 71, 68, 68, 78, 54, 67, 59, 48, 72, 55, 73, 55, 44, 59, 73, 54, 34, 64, 63, 68, 69, 46, 74, 64, 53, 79, 50, 69, 64, 69, 57, 63, 58, 69, 61, 61, 60, 61, 65, 71, 53, 62, 62, 56, 64, 58, 59, 72, 81, 61, 70, 31, 71, 65, 77, 65, 58, 36, 64, 65, 57, 69, 34, 73, 74, 74, 57, 86, 61, 64, 80, 64, 64, 24, 65, 56, 61, 67, 77, 45, 57, 72, 57, 82, 58, 58, 64, 63, 47, 70, 59, 54, 60, 59, 62, 74, 54, 57, 76, 71, 69, 65, 71, 55, 63, 56, 57, 56, 64, 34, 60, 31, 64, 51, 54, 52, 66, 68, 51, 72, 25, 69, 71, 41, 66, 66, 32, 74, 64, 71, 80, 40, 71, 55, 68, 63, 70, 52, 39, 63, 56, 67, 60, 60, 49, 67, 68, 68, 78, 74, 57, 59, 53, 40, 82, 64, 54, 64, 60, 68, 80, 71, 60, 66, 70, 62, 69, 29, 57, 64, 60, 67, 52, 44, 60, 54, 58, 67, 31, 58, 67, 64, 62, 56, 54, 55, 73, 71, 72, 52, 69, 48, 54, 34, 42, 36, 80, 45, 70, 84, 57, 60, 57, 66, 54, 46, 65, 59, 59, 20, 67, 69, 42, 37, 66, 52, 68, 55, 69, 37, 65, 65, 71, 55, 67, 52, 73, 70, 51, 37, 41, 54, 63, 68, 67, 56, 53, 74, 52, 68, 59, 67, 37, 71, 68, 62, 40, 60, 67, 59, 58, 53, 42, 64, 57, 45, 65, 69, 66, 65, 75, 64, 43, 70, 61, 42, 32, 50, 62, 66, 58, 26, 59, 77, 66, 70, 70, 68, 64, 52, 76, 66, 63, 67, 64, 68, 68, 21, 65, 70, 20, 40, 45, 84, 65, 60, 55, 62, 64, 64, 61, 69, 59, 64, 66, 70, 65, 75, 57, 59, 61, 68, 59, 54, 82, 69, 53, 57, 54, 60, 61, 68, 65, 46, 66, 69, 60, 55, 61, 61, 68, 61, 74, 32, 69, 67, 61, 66, 66, 58, 68, 68, 73, 62, 49, 63, 59, 54, 58, 63, 43, 49, 74, 27, 66, 59, 64, 61, 66, 69, 57, 56, 32, 56, 72, 56, 76, 58, 72, 24, 80, 54, 75, 73, 66, 65, 74, 70, 60, 62, 69, 71, 67, 58, 74, 72, 70, 47, 70, 60, 56, 67, 74, 44, 56, 66, 63, 58, 57, 60, 65, 65, 55, 64, 60, 53, 54, 23, 32, 41, 60, 75, 73, 54, 56, 67, 61, 53, 57, 67, 74, 24, 78, 61, 69, 49, 65, 71, 31, 66, 58, 83, 67, 66, 64, 59, 62, 55, 53, 74, 70, 67, 61, 53, 59, 64, 58, 33, 68, 58, 42, 66, 57, 53, 60, 61, 65, 57, 58, 50, 74, 66, 71, 35, 68, 64, 62, 76, 58, 52, 38, 62, 66, 83, 67, 62, 64, 63, 77, 56, 57, 72, 61, 63, 69, 61, 84, 41, 54, 66, 71, 38, 54, 53, 59, 76, 50, 56, 52, 57, 59, 35, 45, 23, 77, 61, 61, 40, 78, 69, 59, 61, 54, 46, 79, 59, 60, 69, 80, 78, 74, 71, 66, 72, 54, 60, 61, 59, 68, 69, 67, 55, 70, 63, 33, 61, 71, 56, 31, 71, 59, 82, 64, 62, 71, 62, 75, 63, 58, 57, 64, 62, 46, 68, 51, 59, 62, 68, 71, 76, 57, 75, 69, 59, 68, 58, 36, 59, 51, 59, 60, 74, 49, 65, 57, 64, 69, 56, 48, 73, 55, 49, 86, 71, 73, 57, 74, 74, 65, 35, 75, 61, 65, 55, 72, 46, 69, 29, 63, 58, 69, 36, 74, 53, 63, 65, 69, 43, 54, 43, 56, 62, 30, 41, 56, 51, 62, 53, 64, 70, 41, 73, 72, 49, 49, 62, 66, 26, 52, 73, 64, 70, 65, 61, 51, 63, 68, 69, 70, 61, 71, 51, 63, 44, 30, 58, 69, 60, 60, 58, 63, 56, 69, 66, 66, 59, 65, 63, 62, 67, 70, 69, 77, 56, 66, 77, 75, 74, 64, 62, 85, 45, 67, 50, 65, 45, 74, 70, 65, 58, 57, 59, 67, 62, 48, 62, 32, 67, 57, 42, 69, 69, 65, 51, 68, 59, 62, 59, 40, 43, 31, 48, 60, 54, 63, 71, 60, 45, 69, 55, 57, 49, 60, 67, 58, 74, 58, 68, 57, 60, 57, 62, 45, 69, 72, 81, 76, 76, 75, 69, 70, 60, 66, 68, 60, 64, 68, 68, 53, 51, 46, 54, 61, 67, 64, 49, 70, 41, 65, 81, 67, 52, 52, 51, 55, 76, 40, 63, 69, 59, 68, 63, 62, 67, 70, 42, 65, 55, 81, 55, 50, 64, 58, 63, 59, 49, 63, 57, 60, 68, 75, 62, 80, 67, 57, 62, 50, 54, 45, 73, 83, 66, 64, 73, 63, 70, 51, 67, 54, 58, 62, 64, 65, 38, 39, 54, 63, 67, 64, 61, 54, 47, 71, 51, 59, 67, 79, 66, 48, 65, 67, 64, 68, 67, 72, 59, 76, 64, 39, 71, 74, 68, 69, 64, 57, 57, 60, 53, 61, 67, 65, 66, 51, 42, 74, 72, 68, 65, 67, 68, 71, 64, 33, 64, 78, 64, 53, 81, 53, 42, 65, 62, 55, 37, 68, 54, 64, 56, 63, 34, 60, 59, 70, 62, 61, 80, 57, 71, 61, 72, 65, 58, 65, 64, 64, 54, 71, 58, 60, 55, 67, 56, 71, 58, 75, 68, 57, 64, 67, 57, 70, 73, 35, 41, 53, 58, 72, 62, 58, 52, 64, 49, 61, 64, 50, 64, 60, 57, 63, 58, 55, 62, 58, 65, 71, 60, 70, 39, 50, 25, 49, 40, 32, 56, 63, 39, 69, 52, 59, 82, 44, 57, 71, 64, 47, 44, 63, 66, 39, 61, 64, 65, 49, 70, 67, 60, 66, 39, 60, 67, 60, 46, 67, 47, 50, 28, 58, 54, 61, 60, 57, 56, 62, 62, 42, 65, 68, 46, 68, 55, 38, 51, 55, 88, 63, 57, 65, 57, 67, 57, 63, 59, 36, 63, 56, 71, 61, 51, 59, 64, 54, 64, 64, 58, 58, 45, 78, 58, 65, 70, 56, 50, 47, 57, 64, 61, 61, 66, 63, 59, 64, 74, 31, 62, 67, 62, 45, 72, 69, 67, 56, 56, 65, 73, 54, 71, 48, 66, 74, 55, 73, 57, 28, 67, 40, 50, 60, 76, 66, 63, 67, 48, 64, 72, 57, 49, 34, 67, 64, 72, 69, 54, 76, 67, 51, 69, 60, 65, 66, 64, 58, 64, 72, 65, 66, 57, 61, 45, 65, 68, 63, 71, 45, 65, 65, 47, 65, 64, 69, 56, 52, 67, 43, 64, 62, 66, 60, 66, 48, 64, 57, 64, 78, 73, 34, 61, 57, 41, 52, 69, 69, 50, 58, 55, 61, 64, 53, 56, 66, 58, 37, 65, 51, 66, 67, 34, 65, 74, 57, 45, 53, 61, 51, 54, 67, 49, 58, 69, 65, 38, 66, 73, 70, 64, 64, 66, 56, 33, 60, 79, 66, 27, 34, 66, 61, 41, 54, 64, 51, 65, 56, 66, 38, 59, 71, 67, 68, 64, 59, 63, 48, 55, 64, 67, 58, 57, 66, 65, 77, 54, 50, 64, 69, 55, 73, 73, 52, 62, 64, 73, 67, 57, 63, 50, 62, 51, 59, 69, 63, 46, 47, 71, 67, 61, 58, 73, 71, 49, 58, 68, 58, 67, 62, 59, 55, 64, 53, 58, 68, 51, 76, 53, 62, 78, 73, 62, 35, 64, 64, 70, 66, 63, 46, 60, 64, 61, 65, 35, 65, 68, 65, 67, 65, 69, 29, 77, 58, 69, 55, 62, 61, 71, 69, 80, 78, 68, 54, 66, 50, 58, 65, 67, 59, 53, 59, 64, 59, 33, 57, 53, 58, 72, 74, 30, 50, 66, 65, 28, 61, 51, 59, 73, 70, 68, 57, 67, 53, 65, 82, 60, 67, 31, 62, 64, 42, 73, 67, 59, 32, 58, 51, 65, 58, 57, 69, 60, 58, 72, 72, 58, 56, 76, 61, 68, 67, 59, 65, 58, 59, 76, 59, 60, 47, 68, 65, 53, 54, 57, 55, 61, 66, 69, 42, 61, 64, 63, 42, 43, 61, 68, 57, 49, 45, 72, 56, 64, 58, 68, 62, 63, 50, 52, 66, 73, 66, 65, 68, 69, 48, 63, 64, 60, 63, 61, 59, 57, 40, 81, 70, 52, 56, 49, 33, 61, 80, 59, 58, 51, 62, 57, 37, 66, 80, 73, 33, 68, 54, 17, 69, 35, 73, 57, 70, 47, 63, 65, 60, 59, 66, 59, 57, 56, 71, 67, 68, 46, 39, 51, 72, 28, 58, 67, 38, 61, 55, 58, 75, 60, 60, 71, 57, 67, 54, 57, 58, 67, 72, 61, 75, 58, 58, 51, 59, 27, 62, 61, 77, 59, 62, 47, 67, 56, 50, 38, 27, 76, 70, 77, 45, 35, 65, 54, 50, 60, 66, 69, 68, 66, 48, 63, 63, 62, 55, 64, 82, 77, 57, 64, 79, 60, 65, 66, 37, 44, 69, 74, 45, 77, 58, 61, 59, 60, 65, 57, 64, 54, 65, 70, 64, 66, 63, 62, 62, 65, 65, 64, 64, 54, 55, 65, 65, 66, 58, 36, 56, 54, 63, 61, 73, 78, 55, 68, 85, 61, 58, 63, 74, 70, 63, 66, 60, 68, 37, 27, 58, 65, 56, 78, 68, 82, 56, 63, 75, 68, 63, 72, 60, 63, 60, 63, 75, 62, 66, 34, 63, 73, 65, 30, 81, 62, 37, 32, 71, 74, 46, 60, 67, 64, 25, 71, 65, 57, 67, 61, 78, 61, 64, 57, 56, 59, 61, 60, 69, 49, 58, 66, 56, 60, 60, 59, 53, 57, 23, 67, 26, 82, 56, 68, 53, 59, 53, 60, 76, 55, 59, 53, 44, 71, 60, 53, 60, 54, 45, 60, 64, 70, 70, 56, 55, 64, 78, 72, 36, 68, 60, 71, 43, 64, 87, 73, 79, 74, 52, 67, 64, 56, 64, 44, 