lens <- c(45, 58, 39, 50, 61, 61, 52, 63, 66, 78, 64, 65, 65, 71, 42, 71, 45, 48, 60, 33, 62, 58, 67, 55, 84, 52, 57, 62, 64, 40, 65, 60, 55, 65, 65, 83, 65, 52, 56, 65, 41, 72, 44, 68, 60, 52, 56, 59, 55, 61, 71, 62, 64, 55, 55, 58, 53, 39, 73, 43, 58, 74, 40, 70, 53, 64, 54, 60, 75, 60, 58, 76, 48, 61, 61, 66, 38, 31, 65, 63, 47, 70, 57, 65, 49, 80, 58, 50, 57, 65, 66, 53, 64, 57, 70, 49, 63, 78, 69, 76, 73, 62, 43, 61, 67, 72, 68, 56, 51, 51, 55, 71, 75, 60, 61, 61, 42, 55, 58, 44, 65, 67, 73, 53, 60, 31, 71, 69, 64, 71, 48, 62, 63, 85, 78, 64, 62, 53, 63, 49, 64, 47, 38, 61, 51, 53, 63, 54, 76, 73, 64, 56, 57, 54, 60, 60, 43, 47, 63, 48, 56, 79, 80, 69, 58, 81, 59, 60, 67, 63, 68, 59, 52, 59, 66, 77, 63, 51, 49, 53, 72, 63, 62, 63, 61, 58, 66, 59, 52, 66, 63, 54, 55, 46, 64, 55, 59, 60, 71, 58, 68, 66, 63, 73, 63, 54, 71, 71, 61, 48, 58, 73, 70, 80, 63, 65, 78, 53, 53, 57, 60, 45, 80, 51, 69, 44, 65, 61, 34, 65, 68, 63, 64, 61, 62, 69, 74, 41, 62, 54, 43, 62, 57, 58, 37, 75, 45, 44, 70, 51, 77, 67, 35, 57, 54, 41, 67, 61, 73, 35, 80, 60, 43, 72, 72, 52, 34, 50, 62, 49, 63, 56, 60, 75, 66, 66, 75, 58, 57, 65, 57, 65, 66, 57, 54, 53, 62, 65, 39, 65, 64, 62, 34, 75, 63, 61, 75, 57, 76, 67, 48, 67, 59, 47, 68, 58, 48, 56, 48, 58, 59, 69, 62, 56, 73, 65, 58, 64, 79, 63, 75, 56, 71, 78, 61, 61, 69, 51, 68, 54, 61, 67, 68, 54, 74, 49, 54, 67, 54, 32, 59, 70, 63, 66, 69, 65, 32, 50, 64, 55, 57, 66, 52, 50, 53, 50, 66, 52, 75, 43, 83, 56, 45, 85, 70, 72, 59, 69, 54, 53, 56, 62, 73, 53, 59, 72, 56, 64, 70, 83, 55, 53, 72, 52, 35, 62, 50, 66, 67, 32, 68, 76, 68, 56, 41, 63, 62, 48, 66, 47, 52, 54, 51, 57, 80, 71, 63, 59, 61, 59, 55, 67, 54, 58, 52, 55, 55, 67, 46, 57, 68, 70, 48, 71, 57, 58, 66, 42, 57, 64, 65, 64, 42, 49, 69, 71, 56, 65, 58, 53, 67, 52, 68, 55, 58, 51, 73, 69, 58, 79, 58, 41, 57, 63, 54, 43, 49, 55, 49, 60, 70, 52, 67, 58, 67, 55, 41, 44, 60, 81, 67, 75, 71, 53, 78, 64, 62, 69, 34, 59, 82, 61, 36, 66, 54, 66, 55, 49, 58, 54, 75, 33, 54, 74, 46, 71, 67, 67, 64, 58, 70, 63, 71, 32, 72, 42, 61, 55, 60, 61, 42, 70, 45, 59, 50, 55, 65, 69, 64, 45, 59, 72, 54, 31, 56, 58, 67, 50, 48, 78, 61, 66, 70, 54, 74, 71, 63, 58, 64, 74, 68, 68, 61, 61, 57, 72, 65, 57, 64, 61, 78, 64, 30, 68, 69, 51, 56, 71, 43, 61, 57, 62, 57, 54, 64, 59, 58, 39, 80, 48, 67, 67, 61, 70, 55, 50, 64, 79, 46, 45, 51, 69, 52, 55, 63, 79, 63, 79, 68, 64, 75, 53, 71, 63, 72, 71, 72, 71, 60, 58, 51, 71, 68, 50, 55, 62, 74, 60, 56, 61, 54, 62, 78, 69, 33, 53, 67, 67, 78, 33, 58, 74, 63, 57, 77, 62, 39, 65, 51, 81, 64, 55, 76, 57, 50, 34, 76, 59, 42, 52, 67, 28, 69, 47, 59, 67, 57, 65, 65, 77, 56, 68, 79, 33, 65, 61, 53, 61, 61, 59, 67, 45, 68, 45, 60, 43, 73, 52, 83, 61, 69, 49, 63, 45, 65, 42, 46, 81, 48, 70, 53, 68, 61, 68, 56, 56, 74, 62, 58, 60, 57, 62, 69, 66, 52, 62, 62, 62, 50, 76, 67, 54, 56, 62, 75, 46, 67, 53, 63, 38, 66, 53, 78, 60, 59, 77, 72, 65, 66, 59, 60, 62, 69, 66, 66, 59, 69, 65, 65, 55, 35, 56, 52, 64, 60, 42, 52, 72, 51, 48, 64, 76, 58, 57, 28, 53, 63, 69, 60, 55, 74, 55, 62, 54, 60, 64, 72, 72, 70, 50, 59, 42, 50, 54, 67, 73, 67, 60, 61, 53, 77, 52, 42, 65, 54, 43, 64, 61, 56, 69, 50, 74, 61, 57, 59, 72, 52, 68, 51, 53, 62, 61, 74, 70, 54, 72, 44, 55, 62, 70, 61, 61, 53, 56, 61, 63, 65, 65, 69, 40, 74, 67, 68, 57, 69, 61, 59, 67, 69, 57, 75, 75, 65, 57, 89, 72, 65, 71, 64, 69, 57, 61, 54, 57, 65, 57, 58, 43, 64, 66, 84, 58, 50, 34, 71, 61, 70, 47, 62, 64, 57, 71, 59, 69, 62, 62, 60, 70, 61, 64, 61, 65, 69, 74, 65, 67, 63, 69, 38, 63, 73, 58, 46, 56, 54, 61, 63, 57, 62, 59, 55, 59, 59, 67, 64, 67, 67, 59, 63, 56, 59, 74, 75, 57, 64, 64, 56, 62, 69, 79, 76, 74, 61, 53, 62, 51, 65, 51, 63, 67, 52, 73, 78, 64, 56, 65, 58, 66, 68, 45, 54, 44, 43, 59, 56, 50, 52, 44, 52, 76, 52, 61, 68, 66, 55, 63, 56, 64, 55, 59, 53, 55, 63, 44, 64, 72, 64, 51, 67, 56, 61, 68, 79, 68, 60, 73, 74, 52, 82, 73, 67, 81, 55, 47, 69, 66, 68, 58, 49, 67, 61, 73, 68, 70, 55, 57, 57, 52, 71, 66, 70, 61, 52, 71, 67, 76, 55, 59, 78, 74, 54, 38, 59, 62, 65, 57, 70, 70, 65, 58, 41, 65, 52, 56, 70, 43, 70, 59, 57, 67, 58, 76, 58, 57, 65, 58, 56, 49, 74, 65, 54, 58, 76, 67, 51, 66, 62, 76, 61, 78, 56, 51, 51, 65, 71, 59, 62, 47, 64, 41, 60, 68, 68, 47, 34, 74, 52, 71, 54, 71, 61, 52, 76, 59, 63, 63, 58, 60, 57, 62, 48, 58, 54, 52, 64, 38, 68, 71, 50, 48, 58, 57, 61, 33, 49, 78, 55, 60, 69, 57, 58, 62, 58, 81, 62, 58, 65, 63, 58, 53, 34, 47, 62, 70, 72, 75, 85, 65, 61, 75, 72, 36, 53, 70, 54, 52, 73, 59, 61, 54, 52, 76, 79, 65, 44, 57, 74, 67, 50, 60, 58, 47, 36, 58, 54, 51, 65, 59, 74, 56, 68, 47, 55, 73, 51, 62, 62, 64, 55, 37, 34, 56, 54, 67, 58, 35, 78, 48, 55, 54, 34, 66, 54, 57, 60, 32, 71, 62, 51, 60, 54, 58, 53, 68, 77, 48, 56, 57, 68, 33, 63, 55, 66, 54, 50, 70, 79, 50, 36, 56, 42, 54, 62, 55, 24, 76, 57, 72, 74, 68, 64, 48, 73, 70, 68, 58, 40, 77, 66, 54, 54, 52, 39, 57, 53, 61, 64, 78, 56, 69, 63, 57, 74, 59, 71, 51, 82, 64, 41, 56, 49, 48, 70, 56, 56, 68, 45, 71, 59, 72, 70, 61, 55, 46, 62, 57, 43, 58, 59, 74, 66, 58, 59, 71, 56, 39, 40, 45, 51, 64, 45, 50, 37, 49, 60, 59, 38, 60, 65, 57, 51, 66, 46, 60, 61, 72, 74, 35, 60, 63, 44, 38, 41, 75, 67, 74, 63, 43, 66, 64, 69, 44, 76, 54, 71, 64, 52, 76, 66, 45, 76, 47, 66, 30, 68, 58, 58, 61, 58, 71, 68, 65, 49, 59, 65, 67, 73, 55, 31, 63, 66, 69, 65, 65, 67, 55, 75, 58, 57, 57, 51, 44, 69, 48, 64, 59, 53, 55, 40, 59, 43, 64, 55, 30, 57, 80, 50, 66, 65, 79, 56, 76, 68, 65, 71, 59, 54, 52, 63, 80, 49, 66, 69, 46, 44, 68, 49, 62, 57, 67, 49, 44, 60, 62, 51, 63, 51, 67, 59, 65, 73, 64, 51, 59, 51, 55, 66, 61, 66, 54, 68, 57, 81, 70, 61, 68, 61, 37, 61, 72, 79, 47, 67, 63, 53, 63, 65, 76, 72, 61, 35, 57, 70, 63, 66, 59, 64, 59, 69, 65, 63, 73, 70, 61, 51, 63, 67, 63, 55, 73, 38, 60, 72, 56, 64, 47, 64, 54, 38, 71, 73, 76, 59, 46, 82, 57, 44, 60, 50, 69, 48, 55, 51, 46, 57, 47, 61, 51, 60, 81, 38, 64, 54, 65, 51, 57, 75, 54, 73, 65, 80, 59, 63, 50, 55, 51, 74, 78, 78, 61, 74, 68, 77, 56, 55, 55, 67, 50, 57, 56, 43, 68, 62, 70, 63, 67, 35, 63, 44, 42, 65, 59, 67, 42, 56, 69, 59, 64, 57, 57, 51, 57, 56, 79, 49, 55, 60, 64, 56, 61, 83, 53, 70, 72, 73, 72, 61, 61, 64, 52, 71, 61, 56, 41, 65, 44, 64, 65, 69, 61, 63, 55, 72, 64, 66, 32, 77, 49, 68, 73, 70, 49, 60, 69, 60, 57, 75, 74, 68, 34, 57, 60, 51, 72, 56, 68, 67, 64, 43, 76, 71, 48, 54, 64, 61, 74, 54, 49, 51, 74, 75, 51, 50, 63, 58, 73, 53, 55, 59, 73, 32, 54, 57, 49, 53, 70, 57, 67, 62, 68, 52, 49, 67, 56, 59, 69, 31, 73, 58, 67, 55, 53, 72, 74, 68, 60, 32, 71, 49, 75, 56, 53, 73, 66, 63, 67, 56, 71, 54, 49, 61, 69, 65, 60, 64, 73, 69, 60, 61, 52, 73, 37, 50, 61, 70, 67, 56, 71, 61, 57, 66, 52, 68, 67, 57, 55, 83, 68, 59, 68, 40, 67, 45, 47, 44, 56, 51, 67, 48, 83, 61, 74, 61, 59, 69, 41, 70, 61, 69, 52, 68, 76, 54, 64, 53, 41, 68, 78, 44, 56, 66, 59, 63, 75, 52, 47, 50, 59, 52, 82, 66, 51, 70, 67, 46, 74, 58, 34, 62, 61, 60, 53, 55, 59, 67, 58, 66, 59, 66, 65, 74, 55, 62, 53, 69, 75, 64, 71, 59, 78, 35, 66, 66, 39, 67, 52, 61, 52, 58, 78, 77, 66, 67, 59, 62, 51, 55, 58, 49, 75, 66, 52, 56, 76, 48, 57, 67, 33, 38, 78, 56, 52, 49, 55, 61, 53, 76, 64, 60, 61, 45, 82, 43, 56, 72, 55, 49, 62, 62, 68, 54, 31, 42, 59, 56, 50, 55, 74, 59, 67, 41, 58, 64, 60, 50, 57, 61, 60, 69, 63, 63, 58, 71, 69, 54, 64, 64, 44, 37, 61, 55, 51, 61, 57, 48, 74, 66, 55, 53, 56, 61, 38, 73, 61, 70, 68, 52, 63, 72, 53, 62, 59, 38, 59, 56, 75, 72, 71, 74, 58, 52, 59, 54, 66, 66, 66, 64, 47, 52, 71, 87, 62, 62, 60, 64, 40, 26, 56, 64, 59, 55, 53, 52, 50, 63, 55, 57, 68, 65, 49, 56, 66, 67, 50, 73, 69, 73, 49, 52, 74, 59, 81, 64, 58, 52, 61, 64, 58, 62, 59, 68, 46, 64, 66, 56, 84, 62, 34, 57, 70, 66, 66, 68, 82, 65, 71, 54, 71, 59, 69, 72, 41, 73, 76, 75, 56, 44, 62, 57, 53, 67, 58, 42, 51, 54, 26, 75, 62, 74, 51, 45, 74, 59, 44, 73, 41, 51, 66, 52, 65, 61, 32, 63, 73, 43, 63, 76, 50, 45, 57, 35, 62, 58, 59, 66, 68, 47, 51, 59, 51, 69, 52, 73, 55, 64, 67, 69, 47, 63, 51, 70, 60, 63, 27, 50, 59, 73, 61, 50, 60, 67, 55, 69, 62, 53, 28, 78, 53, 64, 52, 69, 61, 66, 50, 49, 66, 66, 60, 53, 64, 75, 61, 60, 53, 54, 56, 75, 