lens <- c(125, 141, 60, 87, 120, 133, 123, 112, 113, 145, 129, 94, 125, 93, 127, 129, 122, 137, 118, 84, 81, 93, 139, 79, 145, 114, 140, 136, 120, 100, 116, 137, 94, 123, 129, 159, 135, 149, 76, 122, 69, 122, 125, 127, 105, 147, 130, 60, 128, 128, 129, 91, 148, 89, 107, 58, 128, 97, 132, 119, 128, 121, 120, 114, 132, 114, 120, 72, 98, 139, 94, 54, 104, 131, 138, 134, 132, 120, 110, 138, 127, 128, 130, 112, 128, 131, 127, 122, 131, 111, 132, 145, 104, 95, 121, 123, 116, 83, 130, 131, 115, 125, 128, 120, 115, 135, 146, 131, 126, 123, 117, 122, 78, 130, 89, 130, 78, 155, 131, 143, 135, 115, 140, 87, 112, 123, 134, 126, 67, 129, 132, 128, 144, 133, 79, 140, 131, 96, 133, 122, 125, 126, 65, 130, 131, 121, 116, 135, 126, 112, 131, 114, 73, 120, 94, 92, 136, 130, 128, 124, 104, 75, 131, 79, 125, 128, 129, 110, 122, 151, 136, 130, 130, 102, 127, 59, 133, 111, 99, 124, 115, 128, 132, 117, 96, 135, 74, 120, 124, 128, 131, 132, 117, 129, 69, 140, 138, 128, 132, 133, 83, 129, 115, 101, 120, 123, 122, 129, 135, 126, 127, 126, 79, 127, 125, 129, 128, 130, 113, 133, 116, 83, 129, 142, 86, 132, 103, 152, 135, 127, 115, 132, 116, 134, 113, 137, 137, 136, 133, 139, 132, 108, 123, 126, 129, 127, 126, 122, 100, 133, 149, 125, 133, 77, 56, 135, 140, 148, 132, 122, 124, 144, 114, 82, 70, 132, 68, 104, 147, 65, 106, 59, 129, 134, 144, 123, 142, 128, 134, 94, 145, 130, 123, 91, 147, 113, 131, 96, 123, 133, 133, 88, 126, 122, 130, 58, 123, 130, 124, 137, 147, 124, 137, 122, 134, 71, 129, 137, 91, 145, 131, 115, 131, 118, 113, 132, 132, 78, 128, 137, 127, 72, 125, 74, 112, 64, 140, 124, 127, 100, 134, 104, 138, 67, 93, 137, 140, 125, 118, 126, 111, 94, 132, 126, 134, 133, 134, 116, 117, 130, 135, 124, 126, 99, 121, 113, 61, 129, 132, 119, 101, 130, 76, 126, 126, 114, 125, 111, 125, 127, 114, 109, 125, 139, 137, 146, 119, 123, 137, 119, 139, 108, 65, 124, 111, 92, 137, 140, 87, 132, 67, 134, 121, 126, 144, 132, 124, 117, 123, 72, 137, 105, 84, 133, 133, 115, 122, 108, 97, 128, 113, 130, 105, 78, 113, 123, 131, 67, 105, 60, 143, 132, 136, 118, 121, 109, 116, 121, 131, 62, 126, 130, 137, 144, 73, 136, 126, 132, 144, 140, 141, 99, 146, 142, 126, 54, 119, 73, 108, 113, 94, 129, 120, 135, 125, 72, 120, 66, 97, 81, 123, 114, 123, 96, 137, 69, 126, 109, 131, 121, 135, 124, 129, 123, 113, 111, 127, 139, 77, 138, 127, 111, 132, 73, 64, 117, 130, 131, 127, 102, 120, 120, 113, 140, 130, 139, 61, 132, 127, 119, 131, 81, 122, 130, 137, 106, 126, 146, 120, 137, 67, 124, 134, 144, 125, 150, 121, 105, 99, 136, 113, 59, 131, 119, 71, 130, 125, 105, 132, 139, 111, 93, 105, 136, 107, 124, 141, 128, 132, 127, 129, 152, 127, 123, 130, 94, 127, 137, 112, 123, 130, 59, 135, 113, 71, 125, 126, 99, 129, 114, 77, 131, 131, 135, 113, 74, 116, 135, 133, 135, 119, 114, 121, 114, 60, 124, 128, 128, 97, 122, 128, 127, 75, 117, 109, 130, 131, 110, 91, 121, 138, 144, 124, 131, 126, 134, 128, 121, 145, 133, 130, 81, 116, 127, 122, 133, 86, 131, 128, 141, 122, 122, 126, 113, 130, 88, 56, 143, 126, 144, 79, 93, 133, 129, 116, 129, 129, 132, 118, 120, 132, 153, 131, 106, 134, 125, 133, 54, 74, 142, 132, 128, 130, 138, 123, 139, 89, 133, 124, 65, 91, 111, 128, 145, 104, 126, 124, 127, 120, 129, 117, 137, 88, 135, 116, 134, 130, 120, 77, 119, 122, 127, 123, 126, 128, 99, 60, 101, 139, 130, 129, 117, 142, 135, 121, 129, 131, 81, 116, 127, 130, 98, 132, 78, 142, 132, 114, 90, 128, 137, 108, 59, 128, 98, 128, 146, 139, 127, 127, 123, 127, 143, 128, 90, 78, 129, 126, 138, 133, 100, 121, 87, 129, 107, 113, 130, 136, 135, 97, 141, 83, 124, 123, 129, 64, 104, 122, 123, 132, 123, 125, 124, 120, 113, 116, 130, 126, 126, 139, 133, 120, 122, 121, 130, 140, 132, 100, 136, 131, 153, 134, 124, 88, 134, 139, 124, 116, 128, 127, 134, 142, 87, 140, 117, 124, 124, 124, 123, 124, 125, 132, 135, 125, 129, 118, 126, 62, 128, 98, 125, 111, 123, 131, 128, 127, 137, 147, 124, 120, 121, 134, 128, 130, 111, 91, 134, 64, 107, 125, 132, 132, 72, 130, 121, 131, 70, 124, 130, 135, 129, 79, 104, 132, 127, 74, 136, 99, 63, 136, 118, 83, 58, 111, 128, 130, 125, 127, 130, 122, 134, 129, 68, 140, 139, 59, 110, 137, 127, 126, 123, 144, 136, 116, 127, 102, 120, 129, 114, 126, 140, 138, 128, 138, 118, 61, 130, 146, 121, 123, 130, 65, 126, 138, 110, 95, 126, 130, 122, 121, 124, 81, 143, 94, 130, 123, 128, 128, 127, 134, 120, 69, 128, 128, 131, 119, 141, 134, 110, 74, 130, 115, 123, 132, 136, 132, 136, 142, 120, 129, 123, 133, 120, 148, 130, 123, 122, 120, 97, 77, 125, 128, 127, 127, 135, 132, 120, 117, 121, 123, 118, 107, 126, 118, 132, 116, 137, 116, 118, 72, 144, 121, 116, 130, 127, 130, 80, 120, 137, 73, 120, 119, 119, 127, 74, 67, 134, 120, 119, 107, 100, 131, 145, 83, 140, 126, 123, 126, 137, 134, 61, 125, 128, 115, 71, 111, 122, 136, 131, 125, 125, 119, 131, 112, 128, 122, 128, 127, 123, 114, 113, 67, 127, 126, 132, 117, 127, 132, 121, 121, 119, 150, 132, 130, 128, 62, 118, 112, 132, 119, 75, 126, 134, 78, 123, 127, 119, 112, 135, 103, 132, 119, 95, 106, 120, 130, 129, 119, 121, 136, 111, 106, 134, 138, 111, 121, 118, 80, 72, 137, 62, 126, 132, 86, 130, 130, 74, 126, 116, 130, 110, 122, 136, 132, 111, 124, 128, 105, 129, 134, 133, 131, 152, 139, 130, 112, 153, 69, 125, 124, 157, 127, 146, 134, 136, 109, 115, 122, 123, 100, 110, 110, 129, 132, 126, 134, 111, 109, 135, 130, 57, 135, 132, 134, 84, 142, 134, 98, 132, 134, 146, 97, 115, 134, 94, 123, 119, 130, 106, 53, 105, 139, 130, 132, 66, 103, 125, 133, 108, 122, 134, 101, 67, 126, 140, 107, 105, 126, 136, 135, 108, 119, 134, 131, 88, 87, 121, 125, 122, 84, 131, 118, 126, 142, 129, 121, 115, 126, 95, 134, 93, 124, 102, 136, 128, 130, 130, 87, 133, 128, 111, 123, 132, 89, 129, 146, 147, 126, 119, 79, 133, 149, 74, 109, 130, 107, 133, 121, 129, 121, 100, 105, 85, 138, 89, 119, 132, 119, 109, 92, 73, 143, 75, 139, 113, 122, 118, 68, 141, 132, 130, 120, 127, 76, 70, 95, 119, 112, 127, 105, 97, 118, 75, 80, 119, 108, 129, 124, 142, 138, 132, 138, 129, 137, 102, 75, 130, 74, 133, 131, 91, 123, 76, 138, 135, 148, 141, 124, 126, 132, 85, 142, 139, 127, 153, 132, 138, 136, 121, 124, 104, 91, 121, 117, 106, 133, 122, 131, 137, 124, 135, 67, 129, 135, 74, 135, 145, 148, 125, 99, 117, 131, 126, 61, 110, 140, 127, 128, 136, 126, 122, 67, 122, 122, 130, 126, 119, 131, 135, 123, 82, 125, 86, 128, 120, 117, 82, 134, 112, 65, 127, 62, 133, 130, 136, 106, 142, 138, 128, 135, 145, 139, 106, 141, 130, 134, 138, 120, 117, 136, 140, 78, 74, 136, 130, 127, 136, 128, 80, 141, 78, 103, 143, 129, 130, 126, 118, 128, 72, 112, 152, 136, 136, 120, 127, 126, 137, 121, 131, 145, 134, 117, 108, 140, 57, 132, 112, 122, 132, 139, 86, 121, 130, 130, 127, 130, 62, 112, 75, 86, 128, 107, 125, 105, 135, 105, 125, 132, 140, 110, 130, 112, 137, 102, 111, 143, 132, 129, 130, 122, 139, 130, 124, 113, 126, 72, 135, 75, 122, 98, 114, 127, 74, 133, 119, 127, 84, 102, 106, 131, 127, 88, 76, 127, 125, 135, 56, 99, 125, 130, 121, 128, 134, 130, 125, 123, 138, 103, 130, 101, 65, 128, 126, 134, 128, 72, 127, 146, 71, 81, 84, 139, 120, 102, 122, 114, 125, 132, 119, 125, 135, 116, 93, 120, 112, 104, 129, 125, 147, 113, 143, 117, 128, 123, 139, 140, 117, 119, 141, 137, 123, 105, 143, 142, 121, 154, 132, 127, 128, 66, 83, 140, 79, 130, 133, 120, 120, 132, 132, 120, 127, 144, 122, 112, 148, 121, 131, 117, 132, 123, 116, 131, 128, 127, 128, 119, 121, 138, 120, 127, 134, 153, 146, 130, 133, 98, 126, 119, 145, 120, 75, 128, 114, 126, 125, 143, 85, 118, 119, 136, 127, 125, 117, 123, 136, 140, 104, 123, 120, 134, 106, 130, 121, 128, 126, 101, 129, 125, 138, 120, 120, 129, 116, 132, 140, 133, 130, 71, 118, 107, 85, 125, 120, 126, 120, 120, 128, 130, 96, 128, 133, 154, 72, 90, 134, 113, 153, 101, 135, 81, 129, 122, 118, 148, 140, 119, 69, 71, 72, 126, 124, 131, 92, 86, 135, 130, 126, 140, 122, 78, 127, 118, 125, 123, 142, 144, 78, 115, 129, 123, 70, 122, 71, 147, 122, 142, 118, 132, 121, 127, 60, 127, 111, 140, 101, 131, 119, 132, 119, 133, 122, 87, 131, 131, 120, 107, 135, 143, 149, 122, 127, 125, 126, 132, 142, 136, 120, 119, 132, 142, 139, 132, 125, 54, 