lens <- c(54, 59, 63, 57, 56, 58, 61, 72, 63, 60, 69, 63, 71, 70, 62, 64, 59, 63, 61, 50, 54, 67, 69, 58, 65, 60, 58, 60, 70, 62, 49, 49, 62, 66, 51, 62, 67, 73, 52, 65, 49, 64, 64, 56, 68, 63, 70, 60, 60, 69, 51, 58, 56, 61, 79, 71, 55, 72, 67, 57, 65, 65, 57, 57, 63, 65, 71, 65, 65, 50, 70, 70, 51, 57, 59, 59, 69, 61, 65, 73, 64, 57, 62, 60, 62, 56, 74, 59, 62, 59, 75, 59, 56, 66, 59, 53, 64, 57, 69, 66, 72, 58, 62, 51, 54, 57, 62, 60, 60, 62, 57, 59, 57, 72, 62, 54, 78, 69, 54, 67, 60, 64, 61, 60, 59, 63, 52, 73, 68, 65, 44, 55, 70, 60, 67, 74, 73, 62, 71, 67, 51, 52, 74, 58, 50, 58, 68, 74, 66, 63, 61, 57, 71, 67, 51, 65, 72, 62, 78, 57, 59, 64, 68, 63, 54, 40, 46, 68, 66, 61, 74, 64, 51, 62, 66, 61, 64, 70, 71, 58, 61, 52, 56, 63, 67, 68, 63, 57, 63, 63, 68, 55, 59, 64, 71, 71, 65, 66, 56, 66, 73, 46, 64, 63, 71, 70, 68, 75, 62, 73, 56, 59, 76, 60, 56, 55, 47, 67, 61, 60, 73, 62, 64, 63, 77, 58, 68, 61, 63, 69, 56, 65, 70, 57, 63, 61, 61, 62, 76, 69, 65, 57, 62, 60, 66, 60, 65, 53, 58, 67, 62, 61, 63, 63, 52, 52, 51, 55, 58, 72, 53, 68, 61, 62, 72, 59, 57, 61, 54, 66, 71, 54, 62, 66, 54, 66, 60, 46, 62, 51, 71, 51, 61, 55, 50, 72, 63, 59, 66, 66, 63, 73, 60, 63, 60, 63, 77, 59, 56, 71, 61, 48, 56, 57, 67, 70, 57, 64, 71, 66, 71, 65, 75, 71, 52, 61, 55, 74, 65, 62, 60, 72, 60, 68, 74, 68, 56, 73, 68, 58, 66, 60, 65, 63, 58, 62, 60, 70, 57, 61, 52, 77, 57, 55, 73, 63, 69, 55, 57, 67, 60, 62, 72, 66, 66, 58, 54, 60, 50, 62, 65, 55, 57, 69, 65, 51, 54, 63, 56, 61, 59, 65, 77, 58, 58, 47, 66, 67, 62, 61, 64, 47, 65, 73, 60, 57, 66, 60, 58, 54, 44, 70, 68, 72, 61, 55, 71, 55, 64, 65, 62, 53, 64, 56, 66, 68, 52, 58, 64, 62, 78, 64, 71, 62, 59, 63, 64, 64, 72, 63, 72, 67, 61, 61, 61, 68, 64, 68, 57, 56, 57, 72, 52, 69, 63, 66, 68, 54, 67, 70, 56, 60, 60, 67, 64, 57, 52, 66, 54, 70, 71, 77, 70, 52, 61, 54, 68, 60, 69, 52, 60, 68, 63, 64, 57, 70, 59, 67, 73, 72, 62, 65, 59, 63, 75, 50, 73, 57, 44, 68, 68, 64, 68, 69, 73, 67, 61, 58, 62, 71, 73, 66, 59, 51, 60, 69, 72, 45, 61, 63, 63, 68, 58, 54, 66, 71, 50, 55, 75, 67, 45, 62, 71, 65, 66, 60, 64, 78, 50, 66, 54, 59, 49, 61, 55, 58, 68, 60, 63, 65, 56, 58, 61, 59, 49, 57, 68, 50, 65, 72, 57, 53, 56, 73, 64, 58, 64, 69, 69, 68, 76, 54, 66, 50, 51, 62, 58, 68, 61, 69, 69, 64, 63, 71, 60, 54, 56, 60, 55, 55, 66, 65, 49, 62, 58, 66, 62, 53, 55, 59, 74, 66, 72, 69, 70, 72, 72, 64, 54, 59, 55, 55, 65, 57, 60, 54, 60, 52, 74, 70, 67, 62, 60, 76, 68, 81, 54, 70, 68, 59, 74, 65, 60, 59, 73, 50, 60, 67, 55, 55, 58, 58, 72, 49, 50, 66, 50, 61, 59, 46, 53, 68, 61, 56, 68, 75, 71, 62, 59, 57, 70, 70, 60, 68, 61, 57, 61, 72, 67, 58, 61, 64, 59, 60, 57, 65, 44, 59, 56, 77, 60, 58, 63, 67, 72, 62, 73, 63, 65, 70, 62, 47, 77, 79, 59, 65, 55, 59, 44, 61, 66, 75, 55, 50, 60, 69, 68, 74, 73, 70, 67, 54, 69, 59, 68, 66, 70, 61, 67, 55, 63, 55, 67, 57, 50, 66, 72, 72, 71, 74, 59, 66, 62, 75, 77, 57, 70, 60, 64, 61, 71, 65, 57, 66, 68, 64, 68, 52, 63, 66, 56, 75, 59, 61, 49, 59, 64, 64, 62, 59, 63, 77, 64, 59, 60, 65, 71, 42, 55, 72, 70, 64, 60, 78, 69, 63, 54, 74, 57, 63, 48, 60, 72, 60, 58, 62, 59, 70, 67, 69, 59, 50, 59, 66, 56, 46, 60, 55, 58, 70, 72, 70, 56, 68, 51, 71, 56, 68, 64, 62, 64, 48, 65, 70, 70, 60, 59, 55, 55, 64, 75, 55, 67, 60, 62, 56, 65, 60, 64, 60, 71, 57, 66, 52, 64, 54, 77, 61, 57, 60, 62, 72, 79, 60, 71, 69, 66, 66, 67, 71, 77, 63, 49, 61, 69, 51, 67, 70, 60, 74, 66, 47, 59, 70, 64, 57, 58, 65, 60, 59, 58, 56, 64, 62, 68, 63, 50, 57, 65, 64, 74, 53, 53, 55, 60, 61, 72, 62, 61, 51, 69, 63, 56, 65, 57, 61, 60, 66, 66, 57, 67, 60, 47, 66, 56, 69, 57, 72, 73, 55, 53, 58, 53, 70, 47, 68, 47, 61, 65, 64, 54, 55, 51, 61, 59, 56, 70, 58, 64, 75, 54, 40, 69, 53, 65, 70, 54, 63, 66, 67, 62, 69, 53, 53, 70, 62, 58, 63, 65, 53, 53, 63, 54, 60, 63, 56, 70, 82, 64, 76, 63, 51, 72, 55, 66, 67, 55, 65, 67, 46, 72, 72, 70, 76, 73, 55, 71, 51, 61, 62, 57, 67, 55, 54, 58, 63, 68, 58, 71, 65, 59, 61, 68, 60, 65, 56, 62, 49, 56, 69, 71, 64, 39, 63, 57, 70, 57, 60, 68, 56, 70, 49, 64, 67, 53, 65, 68, 60, 59, 59, 54, 55, 68, 66, 74, 69, 71, 60, 64, 67, 64, 68, 66, 62, 61, 53, 62, 62, 71, 66, 46, 59, 76, 70, 64, 61, 57, 56, 64, 57, 60, 67, 70, 71, 71, 62, 52, 66, 65, 59, 54, 71, 72, 66, 62, 72, 54, 69, 70, 61, 75, 70, 60, 69, 60, 57, 61, 64, 54, 58, 51, 60, 63, 52, 46, 73, 70, 50, 55, 66, 66, 70, 70, 60, 54, 69, 57, 68, 57, 59, 64, 59, 64, 62, 55, 72, 59, 59, 78, 50, 65, 63, 61, 59, 61, 65, 63, 65, 63, 70, 68, 56, 74, 72, 59, 68, 67, 67, 57, 54, 55, 54, 60, 70, 60, 61, 63, 66, 71, 46, 71, 57, 63, 60, 58, 61, 56, 82, 65, 75, 58, 61, 54, 64, 62, 74, 60, 69, 73, 67, 62, 55, 66, 63, 56, 65, 60, 66, 52, 66, 56, 52, 55, 65, 70, 51, 51, 56, 68, 56, 61, 57, 58, 49, 53, 57, 62, 54, 63, 54, 43, 56, 55, 56, 63, 70, 59, 64, 63, 59, 53, 60, 54, 66, 57, 62, 59, 59, 56, 57, 66, 64, 71, 65, 77, 67, 64, 59, 60, 64, 65, 59, 68, 60, 61, 56, 70, 66, 68, 58, 63, 50, 69, 58, 43, 66, 57, 61, 68, 62, 70, 58, 69, 64, 56, 70, 54, 57, 67, 69, 69, 65, 63, 58, 67, 58, 61, 65, 57, 72, 69, 52, 58, 51, 64, 66, 66, 70, 63, 59, 59, 69, 71, 64, 59, 70, 70, 62, 61, 56, 63, 64, 50, 72, 61, 72, 62, 51, 73, 67, 47, 73, 63, 73, 64, 71, 62, 58, 66, 79, 61, 53, 69, 66, 57, 56, 68, 75, 68, 55, 49, 68, 67, 69, 53, 77, 47, 66, 56, 57, 59, 53, 62, 74, 48, 67, 64, 54, 67, 61, 53, 59, 59, 59, 76, 68, 58, 54, 59, 57, 46, 49, 54, 49, 65, 54, 65, 49, 72, 68, 54, 65, 68, 64, 46, 68, 55, 51, 55, 58, 67, 53, 56, 56, 72, 52, 76, 68, 70, 51, 69, 67, 74, 58, 60, 54, 59, 72, 71, 73, 71, 56, 57, 60, 68, 68, 37, 61, 67, 69, 69, 59, 70, 48, 59, 61, 69, 57, 50, 58, 51, 68, 56, 65, 63, 68, 74, 58, 70, 65, 55, 66, 53, 73, 56, 52, 67, 66, 65, 51, 60, 70, 54, 65, 60, 47, 55, 73, 63, 63, 65, 57, 66, 58, 48, 61, 71, 65, 64, 68, 66, 58, 63, 72, 66, 52, 74, 69, 64, 50, 55, 71, 71, 56, 64, 47, 73, 50, 60, 58, 69, 69, 75, 46, 62, 71, 81, 62, 62, 63, 76, 52, 67, 69, 60, 59, 55, 66, 65, 71, 73, 57, 56, 53, 66, 74, 55, 62, 60, 64, 59, 56, 54, 67, 66, 49, 62, 77, 62, 60, 59, 62, 60, 52, 71, 78, 52, 60, 62, 53, 67, 65, 56, 58, 77, 55, 68, 55, 51, 55, 58, 53, 53, 62, 79, 76, 43, 54, 51, 62, 63, 55, 56, 70, 68, 56, 51, 62, 49, 68, 60, 57, 63, 68, 55, 54, 66, 73, 70, 65, 57, 69, 46, 76, 58, 60, 55, 62, 70, 62, 68, 61, 62, 54, 53, 66, 46, 58, 48, 66, 57, 59, 59, 66, 56, 60, 57, 58, 64, 54, 56, 62, 77, 65, 67, 70, 76, 49, 66, 57, 70, 78, 58, 58, 60, 79, 65, 63, 58, 71, 64, 64, 69, 71, 69, 60, 66, 64, 65, 68, 69, 66, 54, 51, 59, 62, 54, 65, 64, 58, 61, 71, 74, 67, 55, 66, 62, 61, 61, 55, 71, 58, 61, 64, 52, 55, 58, 56, 58, 69, 77, 62, 62, 71, 65, 57, 52, 73, 63, 67, 63, 55, 67, 59, 70, 58, 73, 53, 60, 73, 68, 63, 68, 66, 66, 68, 61, 63, 61, 56, 57, 75, 70, 62, 59, 74, 61, 78, 61, 57, 60, 69, 69, 75, 58, 61, 64, 73, 58, 69, 72, 46, 61, 67, 75, 71, 52, 72, 58, 60, 66, 68, 64, 70, 61, 66, 65, 70, 63, 64, 69, 49, 66, 71, 60, 69, 74, 56, 63, 64, 68, 56, 59, 58, 52, 63, 55, 54, 69, 65, 60, 70, 69, 60, 70, 61, 60, 65, 65, 58, 70, 58, 68, 50, 60, 73, 73, 62, 69, 61, 67, 60, 66, 68, 57, 55, 61, 47, 60, 57, 61, 83, 71, 60, 55, 69, 72, 61, 61, 54, 66, 56, 61, 56, 59, 72, 62, 63, 62, 65, 54, 66, 64, 60, 59, 50, 58, 61, 61, 53, 53, 67, 54, 67, 73, 73, 54, 60, 73, 58, 55, 69, 67, 53, 72, 68, 72, 74, 54, 60, 58, 68, 46, 72, 56, 61, 70, 72, 58, 59, 67, 55, 63, 64, 57, 44, 52, 63, 73, 44, 59, 70, 64, 60, 74, 52, 61, 70, 57, 63, 75, 57, 72, 59, 55, 69, 55, 72, 67, 67, 58, 57, 57, 62, 59, 66, 64, 67, 53, 68, 60, 58, 49, 71, 57, 67, 71, 64, 73, 59, 56, 67, 72, 62, 53, 73, 68, 61, 72, 57, 48, 67, 56, 76, 76, 55, 64, 69, 61, 60, 54, 64, 65, 65, 71, 57, 62, 77, 71, 65, 60, 50, 55, 47, 61, 65, 50, 60, 58, 64, 75, 63, 61, 63, 65, 72, 64, 60, 65, 66, 72, 65, 41, 69, 72, 50, 55, 62, 59, 62, 66, 69, 69, 68, 63, 76, 62, 58, 66, 57, 52, 55, 72, 56, 73, 65, 62, 64, 72, 57, 64, 47, 63, 59, 64, 68, 51, 52, 71, 56, 65, 70, 66, 64, 63, 54, 55, 61, 67, 72, 60, 62, 50, 58, 74, 55, 71, 63, 68, 59, 46, 69, 62, 56, 51, 64, 69, 65, 53, 61, 47, 67, 53, 69, 74, 63, 52, 69, 65, 57, 70, 63, 61, 67, 71, 51, 67, 56, 62, 47, 61, 74, 53, 53, 57, 65, 41, 